a
000000
111110
100010
111110
100010
100010
000000

b
000000
111110
100010
111111
100001
111111
000000

c
000000
111110
100000
100000
100000
111110
000000

d
000000
111110
100110
100010
100110
111110
000000

e
000000
111100
100000
111100
100000
111100
000000

f
000000
111100
100000    
111100
100000
100000
000000

g
000000
111110
100010
100000
100110
111110
000000

h
000000
100010
100010
111110
100010
100010
000000

i
000000
100000
100000
100000
100000
100000
000000

j
000000
000010
000010
000010
100010
111110
000000

k
000000
100010
100010
111111
100001
100001
000000

l
000000
100000
100000
100000
100000
111110
000000

m
000000
111111
100101
100101
100101
100101
000000

n
000000
111110
100010
100010
100010
100010
000000

o
000000
111110
100010
100010
100010
111110
000000

p
000000
111110
100010
111110
100000
100000
000000

q 
000000
111110
100010
100010
100010
111111 

r
000000       
111110 
100010 
111111 
100001 
100001
000000

s
000000      
111110
100000
111110
000010
111110
000000

t
000000      
111111
001000
001000  
001000
001000
000000

u
000000      
100010
100010
100010
100010
111110
000000  
     
v 
000000       
100001 
100001 
100001 
010010  
011110
000000

w
000000         
100101 
100101 
100101 
100101 
111111
000000

x
000000
100001
010010
000100
010010
100001
000000

y
000000       
100001 
100001 
111111 
001000 
001000
000000

z
000000      
111110
000010
111110
100000
111110
000000
       
        
          
            
       
            
      
         
             
       
    
       
            
     
           
